{
    "Scene": [
        {
            "Name": "RootNode",
            "UUID": 1081245945,
            "Active": true,
            "static": false,
            "Parent": 0,
            "Components": [
                {
                    "Type": 0,
                    "UUID": 913451937,
                    "Enabled": true,
                    "Loacal Matrix": [
                        1,
                        0,
                        0,
                        0,
                        0,
                        1,
                        0,
                        0,
                        0,
                        0,
                        1,
                        0,
                        0,
                        0,
                        0,
                        1
                    ],
                    "PositionX": 0,
                    "PositionY": 0,
                    "PositionZ": 0,
                    "RotationX": 0,
                    "RotationY": 0,
                    "RotationZ": 0,
                    "RotationW": 1,
                    "ScaleX": 1,
                    "ScaleY": 1,
                    "ScaleZ": 1
                }
            ]
        },
        {
            "Name": "RPG-Character-Mesh_$AssimpFbx$_Translation",
            "UUID": 3723110965,
            "Active": true,
            "static": false,
            "Parent": 1081245945,
            "Components": [
                {
                    "Type": 0,
                    "UUID": 198176777,
                    "Enabled": true,
                    "Loacal Matrix": [
                        1,
                        -0,
                        0,
                        0,
                        0,
                        5.9604644775390625e-08,
                        0.99999994039535522,
                        0,
                        -0,
                        -0.99999994039535522,
                        5.9604644775390625e-08,
                        0,
                        0,
                        0,
                        0,
                        1
                    ],
                    "PositionX": 0,
                    "PositionY": 0,
                    "PositionZ": 0,
                    "RotationX": -0.70710676908493042,
                    "RotationY": 0,
                    "RotationZ": 0,
                    "RotationW": 0.70710676908493042,
                    "ScaleX": 1,
                    "ScaleY": 1,
                    "ScaleZ": 1
                }
            ]
        },
        {
            "Name": "RPG-Character-Mesh_$AssimpFbx$_PreRotation",
            "UUID": 3684092565,
            "Active": true,
            "static": false,
            "Parent": 3723110965,
            "Components": [
                {
                    "Type": 0,
                    "UUID": 367795728,
                    "Enabled": true,
                    "Loacal Matrix": [
                        1,
                        -0,
                        0,
                        0,
                        0,
                        5.9604644775390625e-08,
                        0.99999994039535522,
                        0,
                        -0,
                        -0.99999994039535522,
                        5.9604644775390625e-08,
                        0,
                        0,
                        0,
                        0,
                        1
                    ],
                    "PositionX": 0,
                    "PositionY": 0,
                    "PositionZ": 0,
                    "RotationX": -0.70710676908493042,
                    "RotationY": 0,
                    "RotationZ": 0,
                    "RotationW": 0.70710676908493042,
                    "ScaleX": 1,
                    "ScaleY": 1,
                    "ScaleZ": 1
                }
            ]
        },
        {
            "Name": "RPG-Character-Mesh",
            "UUID": 2185315278,
            "Active": true,
            "static": false,
            "Parent": 3684092565,
            "Components": [
                {
                    "Type": 0,
                    "UUID": 1973249532,
                    "Enabled": true,
                    "Loacal Matrix": [
                        1,
                        0,
                        0,
                        0,
                        0,
                        1,
                        0,
                        0,
                        0,
                        0,
                        1,
                        0,
                        0,
                        0,
                        0,
                        1
                    ],
                    "PositionX": 0,
                    "PositionY": 0,
                    "PositionZ": 0,
                    "RotationX": 0,
                    "RotationY": 0,
                    "RotationZ": 0,
                    "RotationW": 1,
                    "ScaleX": 1,
                    "ScaleY": 1,
                    "ScaleZ": 1
                },
                {
                    "Type": 1,
                    "UUID": 1,
                    "Enabled": true,
                    "Path": "Library\/Meshes\/848388944\/"
                },
                {
                    "Type": 2,
                    "UUID": 2,
                    "Enabled": true,
                    "Path": "Library\/Materials\/RPG-Character\/RPG-Character.dds"
                }
            ]
        },
        {
            "Name": "Motion_$AssimpFbx$_Translation",
            "UUID": 1146089371,
            "Active": true,
            "static": false,
            "Parent": 1081245945,
            "Components": [
                {
                    "Type": 0,
                    "UUID": 1650268637,
                    "Enabled": true,
                    "Loacal Matrix": [
                        1.5497207641601563e-06,
                        0.99999994039535522,
                        0,
                        0,
                        0,
                        5.9604644775390625e-08,
                        0.99999994039535522,
                        0,
                        0.99999994039535522,
                        -1.4901161193847656e-06,
                        5.9604644775390625e-08,
                        0,
                        0,
                        0,
                        0,
                        1
                    ],
                    "PositionX": 0,
                    "PositionY": 0,
                    "PositionZ": 0,
                    "RotationX": -0.50000035762786865,
                    "RotationY": -0.49999961256980896,
                    "RotationZ": -0.49999961256980896,
                    "RotationW": 0.50000035762786865,
                    "ScaleX": 1,
                    "ScaleY": 1,
                    "ScaleZ": 1
                }
            ]
        },
        {
            "Name": "Motion_$AssimpFbx$_PreRotation",
            "UUID": 2304044870,
            "Active": true,
            "static": false,
            "Parent": 1146089371,
            "Components": [
                {
                    "Type": 0,
                    "UUID": 3965418784,
                    "Enabled": true,
                    "Loacal Matrix": [
                        1.5497207641601563e-06,
                        0.99999994039535522,
                        0,
                        0,
                        0,
                        5.9604644775390625e-08,
                        0.99999994039535522,
                        0,
                        0.99999994039535522,
                        -1.4901161193847656e-06,
                        5.9604644775390625e-08,
                        0,
                        0,
                        0,
                        0,
                        1
                    ],
                    "PositionX": 0,
                    "PositionY": 0,
                    "PositionZ": 0,
                    "RotationX": -0.50000035762786865,
                    "RotationY": -0.49999961256980896,
                    "RotationZ": -0.49999961256980896,
                    "RotationW": 0.50000035762786865,
                    "ScaleX": 1,
                    "ScaleY": 1,
                    "ScaleZ": 1
                }
            ]
        },
        {
            "Name": "Motion_$AssimpFbx$_Rotation",
            "UUID": 69335359,
            "Active": true,
            "static": false,
            "Parent": 2304044870,
            "Components": [
                {
                    "Type": 0,
                    "UUID": 3658452889,
                    "Enabled": true,
                    "Loacal Matrix": [
                        1.5497207641601563e-06,
                        0.99999994039535522,
                        0,
                        0,
                        -0.99999994039535522,
                        1.5497207641601563e-06,
                        -0,
                        0,
                        -0,
                        0,
                        1,
                        0,
                        0,
                        0,
                        0,
                        1
                    ],
                    "PositionX": 0,
                    "PositionY": 0,
                    "PositionZ": 0,
                    "RotationX": 0,
                    "RotationY": 0,
                    "RotationZ": -0.70710623264312744,
                    "RotationW": 0.7071073055267334,
                    "ScaleX": 1,
                    "ScaleY": 1,
                    "ScaleZ": 1
                }
            ]
        },
        {
            "Name": "Motion_$AssimpFbx$_Scaling",
            "UUID": 2127834024,
            "Active": true,
            "static": false,
            "Parent": 69335359,
            "Components": [
                {
                    "Type": 0,
                    "UUID": 1866587421,
                    "Enabled": true,
                    "Loacal Matrix": [
                        1,
                        0,
                        0,
                        0,
                        0,
                        1,
                        0,
                        0,
                        0,
                        0,
                        1,
                        0,
                        0,
                        0,
                        0,
                        1
                    ],
                    "PositionX": 0,
                    "PositionY": 0,
                    "PositionZ": 0,
                    "RotationX": 0,
                    "RotationY": 0,
                    "RotationZ": 0,
                    "RotationW": 1,
                    "ScaleX": 1,
                    "ScaleY": 1,
                    "ScaleZ": 1
                }
            ]
        },
        {
            "Name": "Motion",
            "UUID": 728290663,
            "Active": true,
            "static": false,
            "Parent": 2127834024,
            "Components": [
                {
                    "Type": 0,
                    "UUID": 1059149191,
                    "Enabled": true,
                    "Loacal Matrix": [
                        1,
                        0,
                        0,
                        0,
                        0,
                        1,
                        0,
                        0,
                        0,
                        0,
                        1,
                        0,
                        0,
                        0,
                        0,
                        1
                    ],
                    "PositionX": 0,
                    "PositionY": 0,
                    "PositionZ": 0,
                    "RotationX": 0,
                    "RotationY": 0,
                    "RotationZ": 0,
                    "RotationW": 1,
                    "ScaleX": 1,
                    "ScaleY": 1,
                    "ScaleZ": 1
                }
            ]
        },
        {
            "Name": "B_Pelvis",
            "UUID": 4089893429,
            "Active": true,
            "static": false,
            "Parent": 728290663,
            "Components": [
                {
                    "Type": 0,
                    "UUID": 2144767953,
                    "Enabled": true,
                    "Loacal Matrix": [
                        -1.1920928955078125e-07,
                        1,
                        -1.5199184417724609e-06,
                        0,
                        0,
                        1.4901161193847656e-06,
                        1,
                        0,
                        1,
                        8.9406967163085938e-08,
                        0,
                        0,
                        0,
                        0,
                        0,
                        1
                    ],
                    "PositionX": 0,
                    "PositionY": 0,
                    "PositionZ": 0,
                    "RotationX": -0.49999961256980896,
                    "RotationY": -0.50000041723251343,
                    "RotationZ": -0.49999964237213135,
                    "RotationW": 0.50000035762786865,
                    "ScaleX": 1,
                    "ScaleY": 1,
                    "ScaleZ": 1
                }
            ]
        },
        {
            "Name": "B_Spine",
            "UUID": 1297469869,
            "Active": true,
            "static": false,
            "Parent": 4089893429,
            "Components": [
                {
                    "Type": 0,
                    "UUID": 1418273823,
                    "Enabled": true,
                    "Loacal Matrix": [
                        0.99993437528610229,
                        0.011455869302153587,
                        6.4562243551335996e-08,
                        0,
                        -0.011455869302153587,
                        0.99993437528610229,
                        3.2066084258985939e-06,
                        0,
                        -2.7823519488379134e-08,
                        -3.2071377518150257e-06,
                        1,
                        0,
                        0,
                        0,
                        0,
                        1
                    ],
                    "PositionX": 0,
                    "PositionY": 0,
                    "PositionZ": 0,
                    "RotationX": -1.6034628060879186e-06,
                    "RotationY": 2.3096818679846365e-08,
                    "RotationZ": -0.0057280287146568298,
                    "RotationW": 0.99998360872268677,
                    "ScaleX": 1,
                    "ScaleY": 1,
                    "ScaleZ": 1
                }
            ]
        },
        {
            "Name": "B_Spine1",
            "UUID": 2147821921,
            "Active": true,
            "static": false,
            "Parent": 1297469869,
            "Components": [
                {
                    "Type": 0,
                    "UUID": 612006862,
                    "Enabled": true,
                    "Loacal Matrix": [
                        0.98965078592300415,
                        0.14349575340747833,
                        2.6115168338947115e-07,
                        0,
                        -0.14349575340747833,
                        0.98965078592300415,
                        -1.8834125370403854e-08,
                        0,
                        -2.6115159812434285e-07,
                        -1.8834947823620496e-08,
                        1,
                        0,
                        0,
                        0,
                        0,
                        1
                    ],
                    "PositionX": 0,
                    "PositionY": 0,
                    "PositionZ": 0,
                    "RotationX": -2.0614735504569104e-13,
                    "RotationY": 1.3091496953165915e-07,
                    "RotationZ": -0.071934238076210022,
                    "RotationW": 0.9974094033241272,
                    "ScaleX": 0.99999988079071045,
                    "ScaleY": 0.99999988079071045,
                    "ScaleZ": 1
                }
            ]
        },
        {
            "Name": "B_Spine2",
            "UUID": 48669793,
            "Active": true,
            "static": false,
            "Parent": 2147821921,
            "Components": [
                {
                    "Type": 0,
                    "UUID": 1670224139,
                    "Enabled": true,
                    "Loacal Matrix": [
                        0.99791955947875977,
                        -0.064474694430828094,
                        -2.0957224933226826e-07,
                        0,
                        0.064474694430828094,
                        0.99791955947875977,
                        1.4237482446333161e-06,
                        0,
                        1.173405266285954e-07,
                        -1.4342982694870443e-06,
                        1,
                        0,
                        0,
                        0,
                        0,
                        1
                    ],
                    "PositionX": 0,
                    "PositionY": 0,
                    "PositionZ": 0,
                    "RotationX": -7.1488346975456807e-07,
                    "RotationY": -8.177073596016271e-08,
                    "RotationZ": 0.032254122197628021,
                    "RotationW": 0.99947971105575562,
                    "ScaleX": 1.0000002384185791,
                    "ScaleY": 1.0000002384185791,
                    "ScaleZ": 1
                }
            ]
        },
        {
            "Name": "B_L_Clavicle",
            "UUID": 1027233236,
            "Active": true,
            "static": false,
            "Parent": 48669793,
            "Components": [
                {
                    "Type": 0,
                    "UUID": 1759343193,
                    "Enabled": true,
                    "Loacal Matrix": [
                        -0.087198257446289063,
                        -0.00079415738582611084,
                        0.99619036912918091,
                        0,
                        -0.053901281207799911,
                        -0.99853086471557617,
                        -0.005514098796993494,
                        0,
                        0.994731605052948,
                        -0.054176773875951767,
                        0.087027467787265778,
                        0,
                        0,
                        0,
                        0,
                        1
                    ],
                    "PositionX": 0,
                    "PositionY": 0,
                    "PositionZ": 0,
                    "RotationX": 0.67533421516418457,
                    "RotationY": -0.020247545093297958,
                    "RotationZ": 0.73701369762420654,
                    "RotationW": -0.018014293164014816,
                    "ScaleX": 1,
                    "ScaleY": 1,
                    "ScaleZ": 0.9999997615814209
                }
            ]
        },
        {
            "Name": "B_L_UpperArm",
            "UUID": 3849806853,
            "Active": true,
            "static": false,
            "Parent": 1027233236,
            "Components": [
                {
                    "Type": 0,
                    "UUID": 3075127083,
                    "Enabled": true,
                    "Loacal Matrix": [
                        0.61032295227050781,
                        0.098422862589359283,
                        0.78601455688476563,
                        0,
                        0.017928622663021088,
                        0.99028044939041138,
                        -0.13792188465595245,
                        0,
                        -0.79194951057434082,
                        0.098269008100032806,
                        0.60262680053710938,
                        0,
                        0,
                        0,
                        0,
                        1
                    ],
                    "PositionX": 0,
                    "PositionY": 0,
                    "PositionZ": 0,
                    "RotationX": 0.065984062850475311,
                    "RotationY": 0.44083189964294434,
                    "RotationZ": -0.02248748391866684,
                    "RotationW": 0.8948785662651062,
                    "ScaleX": 0.9999997615814209,
                    "ScaleY": 0.99999964237213135,
                    "ScaleZ": 1.0000002384185791
                }
            ]
        },
        {
            "Name": "B_L_Forearm",
            "UUID": 3353829741,
            "Active": true,
            "static": false,
            "Parent": 3849806853,
            "Components": [
                {
                    "Type": 0,
                    "UUID": 3641190636,
                    "Enabled": true,
                    "Loacal Matrix": [
                        0.99999088048934937,
                        0.0043537667952477932,
                        -5.9833134002929e-08,
                        0,
                        -0.0043537677265703678,
                        0.99999064207077026,
                        -5.2359702351623127e-08,
                        0,
                        5.9604641222676946e-08,
                        5.2619725465774536e-08,
                        0.9999997615814209,
                        0,
                        0,
                        0,
                        0,
                        1
                    ],
                    "PositionX": 0,
                    "PositionY": 0,
                    "PositionZ": 0,
                    "RotationX": 2.6244920903195634e-08,
                    "RotationY": -2.9859513972496643e-08,
                    "RotationZ": -0.0021768882870674133,
                    "RotationW": 0.99999761581420898,
                    "ScaleX": 1.0000003576278687,
                    "ScaleY": 1.0000001192092896,
                    "ScaleZ": 0.9999997615814209
                }
            ]
        },
        {
            "Name": "B_L_Hand",
            "UUID": 397414606,
            "Active": true,
            "static": false,
            "Parent": 3353829741,
            "Components": [
                {
                    "Type": 0,
                    "UUID": 590307987,
                    "Enabled": true,
                    "Loacal Matrix": [
                        0.99706834554672241,
                        -0.076144374907016754,
                        0.0075255604460835457,
                        0,
                        -0.010498232208192348,
                        -0.038715485483407974,
                        0.99919575452804565,
                        0,
                        -0.075791716575622559,
                        -0.99634510278701782,
                        -0.039401434361934662,
                        0,
                        0,
                        0,
                        0,
                        1
                    ],
                    "PositionX": 0,
                    "PositionY": 0,
                    "PositionZ": 0,
                    "RotationX": -0.7202751636505127,
                    "RotationY": 0.030072743073105812,
                    "RotationZ": 0.023694476112723351,
                    "RotationW": 0.69263118505477905,
                    "ScaleX": 0.99999994039535522,
                    "ScaleY": 1.0000001192092896,
                    "ScaleZ": 1.0000005960464478
                }
            ]
        },
        {
            "Name": "B_L_Finger0",
            "UUID": 1088601018,
            "Active": true,
            "static": false,
            "Parent": 397414606,
            "Components": [
                {
                    "Type": 0,
                    "UUID": 198193844,
                    "Enabled": true,
                    "Loacal Matrix": [
                        0.9553370475769043,
                        -4.0233121012533957e-07,
                        0.29551994800567627,
                        0,
                        0.23894263803958893,
                        0.58842909336090088,
                        -0.77243596315383911,
                        0,
                        -0.17389239370822906,
                        0.80854839086532593,
                        0.56214803457260132,
                        0,
                        0,
                        0,
                        0,
                        1
                    ],
                    "PositionX": 0,
                    "PositionY": 0,
                    "PositionZ": 0,
                    "RotationX": 0.44854184985160828,
                    "RotationY": 0.13317716121673584,
                    "RotationZ": 0.067790597677230835,
                    "RotationW": 0.88118016719818115,
                    "ScaleX": 1.0000004768371582,
                    "ScaleY": 0.99999964237213135,
                    "ScaleZ": 0.99999994039535522
                }
            ]
        },
        {
            "Name": "B_L_Finger01",
            "UUID": 3113256616,
            "Active": true,
            "static": false,
            "Parent": 1088601018,
            "Components": [
                {
                    "Type": 0,
                    "UUID": 4169196427,
                    "Enabled": true,
                    "Loacal Matrix": [
                        0.97290128469467163,
                        -0.23122131824493408,
                        -6.5238083379881573e-08,
                        0,
                        0.23122137784957886,
                        0.97290104627609253,
                        -1.55045931649056e-08,
                        0,
                        6.7055218266887096e-08,
                        0,
                        0.99999982118606567,
                        0,
                        0,
                        0,
                        0,
                        1
                    ],
                    "PositionX": 0,
                    "PositionY": 0,
                    "PositionZ": 0,
                    "RotationX": 3.9026786247120526e-09,
                    "RotationY": -3.3299691892807459e-08,
                    "RotationZ": 0.11640194803476334,
                    "RotationW": 0.99320220947265625,
                    "ScaleX": 1.0000001192092896,
                    "ScaleY": 0.99999988079071045,
                    "ScaleZ": 0.99999982118606567
                }
            ]
        },
        {
            "Name": "B_L_Finger02",
            "UUID": 1339307778,
            "Active": true,
            "static": false,
            "Parent": 3113256616,
            "Components": [
                {
                    "Type": 0,
                    "UUID": 342298259,
                    "Enabled": true,
                    "Loacal Matrix": [
                        0.97290122509002686,
                        -0.23122161626815796,
                        -3.2085935686154698e-08,
                        0,
                        0.23122161626815796,
                        0.97290122509002686,
                        1.3500661566467898e-07,
                        0,
                        0,
                        -1.3876704940685158e-07,
                        1,
                        0,
                        0,
                        0,
                        0,
                        1
                    ],
                    "PositionX": 0,
                    "PositionY": 0,
                    "PositionZ": 0,
                    "RotationX": -6.8911866435428237e-08,
                    "RotationY": -8.0763857823740182e-09,
                    "RotationZ": 0.11640207469463348,
                    "RotationW": 0.99320214986801147,
                    "ScaleX": 1.0000001192092896,
                    "ScaleY": 1.0000001192092896,
                    "ScaleZ": 1
                }
            ]
        },
        {
            "Name": "B_L_Finger1",
            "UUID": 1995017394,
            "Active": true,
            "static": false,
            "Parent": 397414606,
            "Components": [
                {
                    "Type": 0,
                    "UUID": 332720271,
                    "Enabled": true,
                    "Loacal Matrix": [
                        1.0000001192092896,
                        5.9604619906394873e-08,
                        4.7464556590659512e-11,
                        0,
                        -5.9604641222676946e-08,
                        0.99999982118606567,
                        0.00079632329288870096,
                        0,
                        0,
                        -0.00079632364213466644,
                        0.99999940395355225,
                        0,
                        0,
                        0,
                        0,
                        1
                    ],
                    "PositionX": 0,
                    "PositionY": 0,
                    "PositionZ": 0,
                    "RotationX": -0.00039816179196350276,
                    "RotationY": 1.1866143484473568e-11,
                    "RotationZ": -2.9802313505911115e-08,
                    "RotationW": 0.99999994039535522,
                    "ScaleX": 1.0000001192092896,
                    "ScaleY": 1.0000001192092896,
                    "ScaleZ": 0.99999970197677612
                }
            ]
        },
        {
            "Name": "B_L_Finger11",
            "UUID": 2620950842,
            "Active": true,
            "static": false,
            "Parent": 1995017394,
            "Components": [
                {
                    "Type": 0,
                    "UUID": 2387417630,
                    "Enabled": true,
                    "Loacal Matrix": [
                        0.9729008674621582,
                        -0.23122158646583557,
                        1.0823006135751712e-07,
                        0,
                        0.23122158646583557,
                        0.9729008674621582,
                        -3.6499944400247841e-08,
                        0,
                        -9.6857554865437123e-08,
                        6.0535960244578746e-08,
                        0.99999994039535522,
                        0,
                        0,
                        0,
                        0,
                        1
                    ],
                    "PositionX": 0,
                    "PositionY": 0,
                    "PositionZ": 0,
                    "RotationX": 2.4425018452234326e-08,
                    "RotationY": 5.1622834007503116e-08,
                    "RotationZ": 0.11640210449695587,
                    "RotationW": 0.99320214986801147,
                    "ScaleX": 0.9999997615814209,
                    "ScaleY": 0.9999997615814209,
                    "ScaleZ": 0.99999994039535522
                }
            ]
        },
        {
            "Name": "B_L_Finger12",
            "UUID": 2011482174,
            "Active": true,
            "static": false,
            "Parent": 2620950842,
            "Components": [
                {
                    "Type": 0,
                    "UUID": 1293550924,
                    "Enabled": true,
                    "Loacal Matrix": [
                        0.97290104627609253,
                        -0.23122145235538483,
                        8.3714098764176015e-08,
                        0,
                        0.23122139275074005,
                        0.97290128469467163,
                        -3.5224044836468238e-07,
                        0,
                        3.5527132552840273e-15,
                        3.620516793034767e-07,
                        1,
                        0,
                        0,
                        0,
                        0,
                        1
                    ],
                    "PositionX": 0,
                    "PositionY": 0,
                    "PositionZ": 0,
                    "RotationX": 1.7979523647682072e-07,
                    "RotationY": 2.1071764777502722e-08,
                    "RotationZ": 0.11640199273824692,
                    "RotationW": 0.99320214986801147,
                    "ScaleX": 0.99999988079071045,
                    "ScaleY": 1.0000001192092896,
                    "ScaleZ": 1
                }
            ]
        },
        {
            "Name": "B_L_Finger2",
            "UUID": 1440795793,
            "Active": true,
            "static": false,
            "Parent": 397414606,
            "Components": [
                {
                    "Type": 0,
                    "UUID": 2572687903,
                    "Enabled": true,
                    "Loacal Matrix": [
                        1,
                        2.6852788437281561e-07,
                        -3.8535375779247261e-07,
                        0,
                        -2.6822087306754838e-07,
                        0.99999994039535522,
                        0.00079629721585661173,
                        0,
                        3.8556754589080811e-07,
                        -0.0007962975068949163,
                        0.99999958276748657,
                        0,
                        0,
                        0,
                        0,
                        1
                    ],
                    "PositionX": 0,
                    "PositionY": 0,
                    "PositionZ": 0,
                    "RotationX": -0.00039814869523979723,
                    "RotationY": -1.9273035434252961e-07,
                    "RotationZ": -1.34187189360091e-07,
                    "RotationW": 0.99999994039535522,
                    "ScaleX": 1,
                    "ScaleY": 1.0000002384185791,
                    "ScaleZ": 0.99999988079071045
                }
            ]
        },
        {
            "Name": "B_L_Finger21",
            "UUID": 3992636113,
            "Active": true,
            "static": false,
            "Parent": 1440795793,
            "Components": [
                {
                    "Type": 0,
                    "UUID": 2307762728,
                    "Enabled": true,
                    "Loacal Matrix": [
                        0.97290158271789551,
                        -0.23122172057628632,
                        4.9632575382929645e-07,
                        0,
                        0.23122183978557587,
                        0.97290104627609253,
                        -7.4452074727560102e-08,
                        0,
                        -4.656612304643204e-07,
                        1.8719582328685647e-07,
                        0.99999982118606567,
                        0,
                        0,
                        0,
                        0,
                        1
                    ],
                    "PositionX": 0,
                    "PositionY": 0,
                    "PositionZ": 0,
                    "RotationX": 6.5859687481406581e-08,
                    "RotationY": 2.4214276095335663e-07,
                    "RotationZ": 0.11640214920043945,
                    "RotationW": 0.99320214986801147,
                    "ScaleX": 1.0000004768371582,
                    "ScaleY": 0.99999994039535522,
                    "ScaleZ": 0.99999982118606567
                }
            ]
        },
        {
            "Name": "B_L_Finger22",
            "UUID": 2901410280,
            "Active": true,
            "static": false,
            "Parent": 3992636113,
            "Components": [
                {
                    "Type": 0,
                    "UUID": 3618780435,
                    "Enabled": true,
                    "Loacal Matrix": [
                        0.97290080785751343,
                        -0.23122161626815796,
                        -5.0084778990822088e-08,
                        0,
                        0.23122155666351318,
                        0.97290104627609253,
                        8.1848746447121812e-08,
                        0,
                        2.9802320611338473e-08,
                        -9.1211411756830785e-08,
                        1.0000001192092896,
                        0,
                        0,
                        0,
                        0,
                        1
                    ],
                    "PositionX": 0,
                    "PositionY": 0,
                    "PositionZ": 0,
                    "RotationX": -4.356116178882985e-08,
                    "RotationY": -2.0108469556134878e-08,
                    "RotationZ": 0.11640209704637527,
                    "RotationW": 0.99320214986801147,
                    "ScaleX": 0.99999970197677612,
                    "ScaleY": 0.99999994039535522,
                    "ScaleZ": 1.0000001192092896
                }
            ]
        },
        {
            "Name": "B_L_Finger3",
            "UUID": 2365194663,
            "Active": true,
            "static": false,
            "Parent": 397414606,
            "Components": [
                {
                    "Type": 0,
                    "UUID": 2881795513,
                    "Enabled": true,
                    "Loacal Matrix": [
                        1,
                        3.0132067507793181e-08,
                        -4.1348326362822263e-07,
                        0,
                        -2.9802322387695313e-08,
                        0.99999964237213135,
                        0.00079746154369786382,
                        0,
                        4.1350722312927246e-07,
                        -0.00079746166011318564,
                        0.99999946355819702,
                        0,
                        0,
                        0,
                        0,
                        1
                    ],
                    "PositionX": 0,
                    "PositionY": 0,
                    "PositionZ": 0,
                    "RotationX": -0.00039873088826425374,
                    "RotationY": -2.0674765721651056e-07,
                    "RotationZ": -1.4983600138407382e-08,
                    "RotationW": 0.99999994039535522,
                    "ScaleX": 1,
                    "ScaleY": 0.99999994039535522,
                    "ScaleZ": 0.9999997615814209
                }
            ]
        },
        {
            "Name": "B_L_Finger31",
            "UUID": 1482852050,
            "Active": true,
            "static": false,
            "Parent": 2365194663,
            "Components": [
                {
                    "Type": 0,
                    "UUID": 3998774829,
                    "Enabled": true,
                    "Loacal Matrix": [
                        0.97290128469467163,
                        -0.23122137784957886,
                        1.6886606601929088e-07,
                        0,
                        0.23122145235538483,
                        0.97290098667144775,
                        2.2392767107248801e-07,
                        0,
                        -2.1606683731079102e-07,
                        -1.7881394853702659e-07,
                        1.0000002384185791,
                        0,
                        0,
                        0,
                        0,
                        1
                    ],
                    "PositionX": 0,
                    "PositionY": 0,
